Number error (in process): 023, 035, 040, 041, 045, 047, 049, 051, 053, 055, 059, 062, 068, 069, 074, 076, 078, 080, 082, 096, 105, 106, 107, 115, 118, 120, 134, 136, 138, 140, 142, 144, 146

Number error (in step’s intermediate output): 029, 031, 032, 034, 036, 038, 039, 043, 046, 048, 050, 052, 054, 056, 058, 060, 065, 067, 073, 075, 077, 079, 081, 083, 085, 097, 099, 109, 111, 112, 113, 119, 121, 122, 129, 135, 137, 139, 141, 143, 145

Incorrect fact retrieval: 001, 007, 010, 011, 013, 014, 017, 018, 019, 037, 057, 061, 066, 084, 086, 087, 090, 094, 101, 102, 103, 123, 124, 131, 133,

Operation flip: 021, 025, 026, 071, 072, 088, 089, 091, 092, 095, 098, 100, 108, 110, 114, 116, 117

Logic flip: 006, 008, 016, 020, 022, 028, 042, 063, 093, 104, 125, 127, 149

Trivial logical flip: 000, 002, 003, 004, 005, 009, 012, 015, 024, 027, 030, 033, 044, 064, 070, 126, 128, 130, 133, 147, 148

